Total records : 131068
Train records : 104920
Test records : 26148
(1000009418151094273::0,[Ljava.lang.String;@7342e05d,[Ljava.lang.String;@2a331b46)
(0,1fbe01fe)
(1,f3845767)
(2,28905ebd)
(3,ecad2386)
(4,7801e8d9)
(5,07d7df22)
(6,a99f214a)
(7,ddd2926e)
(8,44956a24)
Some(43104)
Number of features
57689
(0.0,[43104.0,21179.0,28623.0,42373.0,31163.0,14856.0,52422.0,54125.0,46383.0,2.0,15706.0,320.0,50.0,1722.0,0.0,35.0,0.0])
(0.0,[43104.0,21179.0,28623.0,42373.0,31163.0,14856.0,52422.0,12686.0,1710.0,0.0,15704.0,320.0,50.0,1722.0,0.0,35.0,100084.0])
(0.0,[43104.0,21179.0,28623.0,42373.0,31163.0,14856.0,52422.0,6820.0,56360.0,0.0,15704.0,320.0,50.0,1722.0,0.0,35.0,100084.0])
(0.0,[43104.0,21179.0,28623.0,42373.0,31163.0,14856.0,52422.0,57316.0,29425.0,0.0,15706.0,320.0,50.0,1722.0,0.0,35.0,100084.0])
(0.0,[10068.0,53931.0,25851.0,42373.0,31163.0,14856.0,52422.0,40092.0,49472.0,0.0,18993.0,320.0,50.0,2161.0,0.0,35.0,0.0])
(0.0,[22597.0,17486.0,14793.0,42373.0,31163.0,14856.0,52422.0,39278.0,56360.0,0.0,16920.0,320.0,50.0,1899.0,0.0,431.0,100077.0])
(0.0,[30820.0,56211.0,14793.0,42373.0,31163.0,14856.0,52422.0,7560.0,11451.0,0.0,20362.0,320.0,50.0,2333.0,0.0,39.0,0.0])
(0.0,[28633.0,42380.0,14793.0,42373.0,31163.0,14856.0,52422.0,1627.0,47752.0,0.0,20632.0,320.0,50.0,2374.0,3.0,39.0,0.0])
(1.0,[43104.0,21179.0,28623.0,42373.0,31163.0,14856.0,52422.0,49986.0,36006.0,2.0,15707.0,320.0,50.0,1722.0,0.0,35.0,0.0])
(0.0,[43104.0,21179.0,28623.0,42373.0,31163.0,14856.0,52422.0,42042.0,15230.0,0.0,15701.0,320.0,50.0,1722.0,0.0,35.0,0.0])
1.0
1.0
1.0
1.0
1.0
1.0
1.0
1.0
1.0
1.0
Base Model accuracy 0.17355055836010402
0.0
0.0
0.0
1.0
0.0
1.0
0.0
1.0
1.0
0.0
Naive Bayes Model accuracy 0.5740018357044516
